/usr/local/bin/mpirun -np 4 lab1
Worker 1: Waiting for incoming task…
Worker 2: Waiting for incoming task…
Master 0: Up and running
Worker 3: Waiting for incoming task…
Master 0: Randomly generated array of size 497 is [-69, -32, -64, 7, 94, -48, 36, -62, 80, 93, -58, -52, -15, -81, -9,
-29, -90, 35, -49, -37, -57, -60, 82, -99, 68, 54, -62, 4, 42, 95, 57, 19, -94, 82, -38, -32, -53, -91, 17, 99, 93, -39,
23, 50, -78, -91, 1, -73, 21, 76, 27, -56, -68, -47, 69, -100, -43, 30, 68, -70, -7, 34, -85, -24, 36, -35, -30, 32, 94,
-13, 60, -10, -55, 55, 2, 0, -55, -25, -60, -50, 87, -30, 99, 45, 5, 50, -1, -18, -11, -37, 55, -21, 28, -22, 50, 80,
-53, -31, -63, 41, -30, 55, -89, -75, 36, 67, -11, -14, 22, -76, 16, 55, -26, -96, 72, -3, 17, 50, 10, 98, 76, 91, 77,
19, 40, 13, 74, 41, -30, 54, -63, 0, 37, 28, -32, -58, 36, 52, 96, 55, -45, 11, 75, -72, 74, -66, 7, 51, 5, -96, 67, 98,
19, 19, -30, 94, 51, -12, 59, -19, 34, -15, 38, -38, -25, -63, -47, -85, 11, 1, 45, 95, 60, -61, -8, 96, 91, -7, -54,
-99, -1, -26, -79, 98, -63, -35, 54, 2, -97, 21, 83, -3, 60, 84, 42, -40, -46, -60, -61, -88, 25, -69, 90, 77, -35, 86,
9, 64, -73, 35, 30, 98, -77, 67, 79, -66, 5, -37, -83, 24, 19, -58, -59, 81, -44, 33, -50, -9, 16, -77, -76, -21, -64,
-22, 67, 46, 12, -79, -23, 47, 64, -45, -5, 4, -27, 91, 42, 43, 31, 20, -45, 12, -25, -63, 84, -30, -30, 40, -43, 95,
73, -70, -10, 45, 98, 32, -32, 23, 51, -49, 57, 41, -87, -15, 90, -34, 1, -57, -32, 87, 56, 95, 28, -28, 91, -15, -3,
-98, -72, -41, -89, 97, -99, -27, -27, 26, 31, 33, -50, -68, -18, 22, -20, 41, -51, -32, -19, -90, -3, 8, 98, -29, 98,
35, -56, 22, -55, 47, -7, 3, 80, 65, -96, 17, -98, -71, 94, 12, 54, 64, -98, -6, -100, 77, -16, -86, -75, 16, -4, 60,
-94, -60, 41, -13, -31, -81, 62, -94, 13, 68, 4, 76, 42, 85, 98, 23, -38, 78, 90, 83, 84, -65, 26, 53, -67, -42, -39,
40, -20, 93, 80, -14, -11, 72, -33, -21, -64, -1, -39, -5, -47, 17, 33, 29, -58, -4, -45, 5, 24, -29, 65, 4, -85, -56,
-86, -37, -54, 34, 91, -60, 25, 44, 20, -54, 81, 24, 70, -45, 18, -8, 9, -46, -14, 38, 9, -17, -17, -90, 49, -81, 77,
29, 46, 57, -10, 58, -97, 28, 3, 60, -72, -75, 2, 98, 72, 59, 52, -75, 66, -84, 12, 60, 61, -100, -93, 44, 61, 24, 56,
98, -54, 17, -93, -68, 76, 76, 63, 72, -76, 69, 9, 46, -36, -15, 10, 41, -4, -24, 91, -37, -24, -95, -9, 22, 49, 15,
100, -28, 29, 65, -13, 7, -76, 81, 44, 98, 8, -66, 45, -43, 31, -97, 93, -83, 3, -85, 52]
Master 0: Sending to Worker 1 from 0 to 166
Master 0: Sent to Worker 1
Master 0: Sending to Worker 2 from 166 to 332
Master 0: Sent to Worker 2
Master 0: Sending to Worker 3 from 332 to 497
Master 0: Sent to Worker 3
Master 0: All parts were sent. Requesting accumulation results…
Worker 1: Received count: 166
Worker 1: Received array: [-69, -32, -64, 7, 94, -48, 36, -62, 80, 93, -58, -52, -15, -81, -9, -29, -90, 35, -49, -37,
-57, -60, 82, -99, 68, 54, -62, 4, 42, 95, 57, 19, -94, 82, -38, -32, -53, -91, 17, 99, 93, -39, 23, 50, -78, -91, 1,
-73, 21, 76, 27, -56, -68, -47, 69, -100, -43, 30, 68, -70, -7, 34, -85, -24, 36, -35, -30, 32, 94, -13, 60, -10, -55,
55, 2, 0, -55, -25, -60, -50, 87, -30, 99, 45, 5, 50, -1, -18, -11, -37, 55, -21, 28, -22, 50, 80, -53, -31, -63, 41,
-30, 55, -89, -75, 36, 67, -11, -14, 22, -76, 16, 55, -26, -96, 72, -3, 17, 50, 10, 98, 76, 91, 77, 19, 40, 13, 74, 41,
-30, 54, -63, 0, 37, 28, -32, -58, 36, 52, 96, 55, -45, 11, 75, -72, 74, -66, 7, 51, 5, -96, 67, 98, 19, 19, -30, 94,
51, -12, 59, -19, 34, -15, 38, -38, -25, -63]
Worker 1: Sum of my part is 498
Worker 2: Received count: 166
Worker 2: Received array: [-47, -85, 11, 1, 45, 95, 60, -61, -8, 96, 91, -7, -54, -99, -1, -26, -79, 98, -63, -35, 54,
2, -97, 21, 83, -3, 60, 84, 42, -40, -46, -60, -61, -88, 25, -69, 90, 77, -35, 86, 9, 64, -73, 35, 30, 98, -77, 67, 79,
-66, 5, -37, -83, 24, 19, -58, -59, 81, -44, 33, -50, -9, 16, -77, -76, -21, -64, -22, 67, 46, 12, -79, -23, 47, 64,
-45, -5, 4, -27, 91, 42, 43, 31, 20, -45, 12, -25, -63, 84, -30, -30, 40, -43, 95, 73, -70, -10, 45, 98, 32, -32, 23,
51, -49, 57, 41, -87, -15, 90, -34, 1, -57, -32, 87, 56, 95, 28, -28, 91, -15, -3, -98, -72, -41, -89, 97, -99, -27,
-27, 26, 31, 33, -50, -68, -18, 22, -20, 41, -51, -32, -19, -90, -3, 8, 98, -29, 98, 35, -56, 22, -55, 47, -7, 3, 80,
65, -96, 17, -98, -71, 94, 12, 54, 64, -98, -6]
Worker 2: Sum of my part is 147
Worker 3: Received count: 165
Master 0: From Worker 1 part sum 498
Worker 3: Received array: [-100, 77, -16, -86, -75, 16, -4, 60, -94, -60, 41, -13, -31, -81, 62, -94, 13, 68, 4, 76, 42,
85, 98, 23, -38, 78, 90, 83, 84, -65, 26, 53, -67, -42, -39, 40, -20, 93, 80, -14, -11, 72, -33, -21, -64, -1, -39, -5,
-47, 17, 33, 29, -58, -4, -45, 5, 24, -29, 65, 4, -85, -56, -86, -37, -54, 34, 91, -60, 25, 44, 20, -54, 81, 24, 70,
-45, 18, -8, 9, -46, -14, 38, 9, -17, -17, -90, 49, -81, 77, 29, 46, 57, -10, 58, -97, 28, 3, 60, -72, -75, 2, 98, 72,
59, 52, -75, 66, -84, 12, 60, 61, -100, -93, 44, 61, 24, 56, 98, -54, 17, -93, -68, 76, 76, 63, 72, -76, 69, 9, 46, -36,
-15, 10, 41, -4, -24, 91, -37, -24, -95, -9, 22, 49, 15, 100, -28, 29, 65, -13, 7, -76, 81, 44, 98, 8, -66, 45, -43, 31,
-97, 93, -83, 3, -85, 52]
Worker 3: Sum of my part is 810
Master 0: From Worker 2 part sum 147
Master 0: From Worker 3 part sum 810
Master 0: Total sum is 1455

Process finished with exit code 0
